0.025513475197541064
0.016168187462789363
0.012687335694178563
0.011223339120283784
0.009870377639469559
0.009493422069676202
0.00880881386924358
0.00868884475524455
0.008058495907740678
0.007745145934927082
0.00748603901911318
0.007254064748647956
0.007076180295162156
0.006964363073636733
0.006764040985414388
0.006527681283703273
0.006467109817590191
0.00652259936706356
0.006127195190019337
0.0060384595123670224
0.006008485747955693
0.005755738109138315
0.005820781066935777
0.005664917499129174
0.005946342822085658

